205501
205513
205550
205630
205676
205692
205770
205804
205805
205806
205816
205817
205818
205819
205865
205867
205869
205888
205889
205897
205906
205954
251352
251371
251417
251568
251582
251617
251698
256209
256219
256271
256416
256433
256707
256720
256855
256920
334236
334317
334486
334506
334516
334519
334570
334571
334719
334761
479415
480871
520446
520930
520931
602201
602202
602204
602205
602215
602259
602289
602356
602360
602450
602591
602645
602646
602656
602658
602660
602673
602746
602779
602868
602871
209397
213203
213206
213208
213209
213287
213303
213350
213360
213470
213506
213698
213701
213704
213707
213717
213812
213813
213919
213961
213963
213968
213990
213991
310232
310236
310238
310239
310240
310249
310250
310262
310298
310368
310501
310509
310585
310588
310685
310716
310718
310723
310731
310790
310805
310875
310932
310960
310992
323288
323322
323355
323367
323414
323502
323858
408231
408233
408237
408301
408305
408308
408322
408388
408397
408407
408485
408488
408552
408581
408619
408631
408787
408788
408798
408814
408815
408820
408860
408870
408932
408939
408948
408949
408951
415207
415208
415210
415219
415220
415224
415245
415253
415270
415280
415303
415313
415443
415540
415560
415607
415698
415708
415709
415739
415804
415809
510212
510218
510308
510310
510321
510515
510702
510716
510720
510801
510802
510805
510810
562214
562226
562227
562238
562300
562460
562678
562744
562877
562878
562918
619217
619242
619256
619406
619526
619529
619620
619893
619896
619898
619899
619960
619968
619969
619970
619973
619978
619979
619982
619989
619998
619999
626212
626220
626245
626266
626651
626690
626729
650205
650217
650317
650371
661329
707233
707288
707323
707325
707821
714201
714212
714214
714216
714217
714218
714219
714286
714291
714314
714320
714346
714354
714355
714358
714359
714405
714407
714413
714419
714570
714652
714691
714802
714806
714810
760226
760293
760714
760816
805359
805442
805502
818202
818204
818215
818218
818229
818258
818315
818327
818328
818329
818410
818417
818467
818490
818499
818603
818604
818607
818608
818680
818801
818803
818816
818819
818828
818829
818868
818872
818948
858347
858728
909207
909216
909249
909250
909290
909299
909309
909405
909410
909412
909416
909432
909523
909535
909617
909722
909814
909819
916401
916466
916499
916506
916522
916592
916814
916815
916816
916819
916828
916948
916951
916981
925213
925312
925340
925509
925920
949602
303201
303206
303207
303208
303213
303230
303240
303251
303266
303461
303490
303540
303553
303560
303599
303609
303610
303612
303613
303686
303687
303760
303821
303826
303851
303852
303855
303878
303879
303890
303891
303897
719236
719261
719279
719443
719450
203201
203279
203282
203289
203342
203398
203477
203593
203835
203839
860330
860332
860360
860363
860366
860369
860473
860504
860587
860708
860743
860820
860825
202206
202214
202259
202405
202592
202605
202801
202825
202837
202859
202896
202917
202928
202947
302243
302247
302431
302435
302474
302637
305208
305212
305272
305276
305277
305287
305288
305291
305312
305313
305314
305315
305352
305353
305366
305368
305369
305483
305540
305543
305544
305583
305601
305641
305729
305730
305732
305734
305736
305737
305738
305750
305806
305837
305838
305839
305840
305841
305843
305844
305855
305862
305880
305881
305886
305955
305966
305996
305997
321227
321232
321630
321680
352252
352506
386250
386691
386820
386831
407220
407231
407372
407400
407441
407524
407525
407526
407527
407570
407651
407763
407769
407899
407918
407945
561224
561230
561326
561387
561551
561552
561553
561554
561604
561605
561606
561608
561610
561652
561751
561754
561773
561854
561874
561885
561936
561937
561947
727257
727402
727405
727429
727508
727516
727529
727790
727956
727970
772235
772377
772917
813201
813208
813214
813271
813292
813332
813338
813339
813457
813718
813913
850395
850406
850506
850507
850657
850802
850839
850887
863217
863501
863502
863568
863570
863609
863819
904283
904286
904433
904459
904617
904812
904815
904816
904817
904876
941319
941333
941372
941506
941569
954207
954230
954244
954286
954307
954387
954402
954403
954413
954506
954521
954528
954679
954808
954810
954814
954855
954875
954877
954878
954879
954896
954897
954898
954992
404336
404356
404359
404485
404628
404646
404672
404674
404701
404708
404722
678991
706241
706349
706732
770201
770208
770245
770259
770260
770269
770327
770348
770397
770501
770553
770581
770610
770697
770699
770747
770768
770839
770890
770902
770915
808231
808251
808252
808267
808273
808279
808287
808288
808290
808297
808299
808361
808362
808363
808530
808549
808569
808570
808571
808574
808576
808577
808578
808581
808584
808598
808641
808644
808858
808898
808899
563280
309646
312249
312250
312271
312272
312289
312290
312295
312299
312349
312359
312365
312367
312370
312378
312387
312389
312398
312418
312426
312484
312490
312495
312512
312562
312571
312657
312677
312688
312717
312748
312830
312851
312891
312901
312910
312941
312963
630223
630249
630255
630266
630342
630356
630367
630374
630419
630498
630583
630683
630763
630838
630867
630895
630996
708230
708241
708242
708266
708276
708281
708313
708324
708348
708376
708379
708412
708413
708440
708454
708461
708463
708561
708592
708604
708619
708626
708644
708693
708706
708750
708760
708812
708823
708861
708881
708886
708936
708944
708962
708984
708994
708999
773201
773204
773212
773214
773215
773222
773223
773228
773258
773335
773393
773438
773448
773460
773461
773464
773566
773652
773670
815203
815204
815294
815480
815532
815536
815775
815851
815870
847203
847210
847216
847218
847225
847237
847314
847333
847335
847339
847355
847365
847369
847449
847479
847614
847633
847684
847694
847820
847974
219717
219770
260401
260430
260698
317206
317256
317303
317307
317309
317314
317320
317330
317380
317382
317391
317393
317394
317424
317425
317461
317725
317906
317907
317949
317980
317990
765218
765255
765257
765260
765261
765262
765272
765707
812439
812440
316577
316695
316969
913610
913613
913639
913641
913644
913656
913978
270742
502392
502397
502455
502464
502478
502620
502672
502675
502752
859330
859352
225212
225233
225322
225352
225373
225660
225909
225934
225951
225979
318241
318276
318630
318689
337219
337271
337293
337297
337299
337341
337498
337596
337733
504213
504268
504403
504423
504476
504477
504480
504489
504501
504538
504540
504546
504550
504551
504560
504572
504574
504663
504664
504668
504773
504794
504823
504824
504843
504844
504880
985699
985743
985744
985786
985890
301207
301224
301303
301308
301406
301506
301510
301553
301554
301558
410232
410283
410331
410351
410373
410389
410408
410434
410445
410447
410460
410473
410475
410478
410492
410607
410640
410678
410681
410731
410743
410748
410806
410839
410890
410894
410899
410909
410932
231204
231214
231255
231315
231317
231318
231336
231593
231596
231604
231605
231606
231608
231704
248261
248272
248316
248317
248337
248401
248405
248578
248580
248604
248610
248868
248908
248966
269212
269239
269306
269407
269410
269413
269577
269658
269803
269905
313210
313219
313238
313239
313250
313276
313280
313321
313328
313376
313440
313630
313767
313940
313958
313984
517228
517229
517232
517309
517340
517341
517533
517534
517564
517571
586361
586363
586403
586409
586470
586529
586587
586607
586609
586617
586769
586807
586860
586889
616316
616332
616338
616339
616390
616412
616442
616444
616472
616480
616495
616564
616595
616630
616680
734226
734227
734360
734380
734473
734509
734825
734907
810290
810528
810581
810971
810973
989247
989253
989452
989454
989562
989591
989594
989677
989829
612319
612579
612606
612609
612621
612622
612640
612648
612650
612660
612680
612880
651532
651610
651629
651847
763214
763289
952203
952231
952235
952365
952394
952601
952608
952645
952809
952901
952907
952909
952980
314204
314245
314318
314404
314430
314460
314507
314751
314870
314902
314903
314905
314908
314927
314929
314945
314981
314990
314999
636320
636403
816202
816440
816497
816757
816798
816821
816870
228208
228210
228516
228808
228850
228851
228880
228883
601328
601458
601459
601471
601478
252282
252383
252434
252487
252488
252498
336205
336208
336216
336319
336321
336507
336556
336557
336729
336913
704217
704229
704265
704346
704354
704356
704407
704415
704505
704513
704514
704515
704518
704520
704580
704581
704613
704623
704653
704673
704725
704767
828207
828224
828249
828314
828402
828425
828444
828472
828473
910412
910413
910414
919310
919312
919318
919347
919393
919487
919503
919506
919507
919509
919540
919565
919712
919826
919982
919983
402299
201202
201219
201382
201495
201502
201517
201534
201545
201570
201607
201698
201901
201979
609229
609295
609329
609615
609679
609687
609725
732265
732304
732315
732327
732478
732488
732498
732633
732880
732883
732891
732916
732989
856253
856274
856277
856289
856331
856445
856531
856564
856613
856622
856623
856674
856715
856738
856752
856855
856901
908261
908471
908515
908631
908825
973205
973213
973231
973269
973308
973469
973561
973603
973613
973654
973719
973730
973806
973880
973892
973899
973918
505251
505329
505380
505381
505529
505530
505540
505561
505669
702230
702264
702282
702662
702681
315213
315241
315242
315248
315249
315340
315419
315441
315467
315647
315722
516230
516245
516251
516257
516258
516275
516276
516278
516290
516291
516332
516335
516339
516372
516389
516392
516397
516525
516529
516552
516553
516638
516645
516648
516649
516657
516793
516839
516891
516925
516947
516948
516954
516975
518228
518230
518259
518341
518342
518343
518422
518865
607799
607897
631279
631280
631322
631340
631373
631426
631441
631442
631497
631554
631558
631695
716360
716369
716441
716443
716448
716459
716460
716470
716497
716522
716556
716618
716619
716642
716643
716653
845349
845387
845438
845449
845487
845556
845685
914264
914284
914321
914324
914379
914392
914442
914445
914492
914537
914544
914551
914553
914585
914842
914951
914952
914972
917205
917218
917219
917223
917233
917240
917241
917245
917247
917248
917249
917252
917253
917255
917264
917276
917290
917296
917298
917313
917314
917317
917321
917323
917329
917333
917356
917358
917360
917372
917377
917380
917381
917384
917389
917390
917395
917401
917404
917413
917419
917422
917424
917425
917427
917429
917430
917433
917448
917457
917458
917461
917462
917467
917469
917481
917483
917486
917487
917489
917490
917491
917506
917537
917552
917556
917598
917610
917614
917616
917625
917632
917641
917644
917646
917649
917665
917706
917707
917712
917713
917729
917735
917738
917739
917752
917758
917759
917760
917761
917762
917766
917772
917782
917784
917785
917786
917787
917788
917798
917799
917802
917812
917820
917823
917824
917840
917844
917845
917850
917851
917852
917857
917866
917867
917869
917871
917872
917874
917875
917876
917878
917879
917883
917884
917894
917895
917896
917897
917898
917899
917901
917904
917906
917918
917919
917925
917926
917927
917944
917948
917949
917954
917964
917973
917978
917980
917984
917986
917987
917988
917989
917990
917996
216207
216275
216388
216437
216517
216552
216557
216568
216590
216596
216597
216648
216690
216705
216728
216768
216790
216806
216807
216817
216818
216819
216840
216850
216880
216890
216982
330213
330214
330218
330250
330254
330291
330292
330320
330380
330381
330404
330444
330613
330640
330709
330710
330712
330713
330820
330901
330902
330912
330914
330919
330955
330981
419316
419323
419328
419412
419414
419416
419440
419444
419449
419743
440203
440270
440301
440302
440303
440304
440369
440380
440393
440507
440562
440612
440677
440680
440758
440784
440980
513209
513210
513249
513269
513343
513350
513359
513408
513590
513610
513650
513660
513670
513691
513710
513890
513920
513944
513971
614320
614399
614590
614605
614608
614616
614617
614630
614631
614637
614640
614646
614651
614661
614672
614673
614690
614691
614720
740210
740553
740556
740735
937201
937282
937330
937334
937359
937370
937391
937480
937491
937517
937628
937635
937636
937940
937973
937978
405304
405327
405502
405559
405575
405647
405660
405690
405770
405904
405908
405961
405978
405980
580398
918220
918643
918646
918672
918761
918763
918880
503202
503204
503237
503271
503301
503514
503527
503529
503599
503604
503817
503818
503870
503903
503904
503918
503920
503921
503938
503940
503942
503955
503993
541309
541710
541718
541814
215212
215213
215217
215265
215270
215296
215306
215308
215312
215314
215319
215363
215373
215374
215401
215404
215414
215415
215505
215506
215507
215522
215524
215577
215691
215705
215719
215759
215810
215812
215818
215819
215838
215865
215889
215894
215899
215905
215916
215998
412270
412272
412280
412300
412581
412590
412591
412597
412602
412617
412619
412640
412649
412669
412686
412698
412718
412739
412750
412786
412917
412949
412955
412958
412970
412978
570315
570480
570598
570670
570804
570978
570997
610218
610221
610303
610305
610307
610309
610315
610318
610319
610339
610414
610418
610460
610475
610501
610752
610815
610817
610830
610907
610912
610920
610963
717410
717499
717518
717907
724341
724380
724460
724829
814291
814567
401221
401925
401933
401938
803241
803277
803301
803303
803304
803352
803355
803362
803503
803654
803690
803698
803890
803954
843219
843434
843512
843570
843600
843660
843728
843807
843961
864212
864215
864217
864218
864290
864390
864410
864460
864470
864471
864493
864521
864524
864620
864996
423221
423399
423409
423412
423469
423514
423655
423795
615272
615276
615303
615304
615363
615402
615407
615508
615518
615520
615531
615539
615702
615817
615923
615929
615951
615960
615978
865289
865301
865358
865359
865402
865504
865597
865701
865749
865818
865916
865996
901200
901223
901307
901391
901392
901442
901447
901477
901532
901534
901637
901638
901639
901640
901703
901769
901773
901777
901790
931323
931353
210285
210513
210553
210578
210594
210603
210604
210613
210713
210746
210747
210752
210754
210755
210759
210786
210813
210869
210917
214246
214248
214249
214322
214344
214359
214362
214401
214439
214510
214512
214588
214595
214737
214759
214781
214786
214798
214804
214805
214813
214822
214825
214829
214832
214834
214835
214839
214847
214848
214852
214877
214895
214896
214899
214913
214925
214992
214993
254225
254762
254808
281266
281267
281268
281270
281349
281418
281439
281472
281473
281510
281527
281551
281613
281621
281625
281629
281718
281722
281735
281952
281963
281981
361224
361234
361270
361410
361435
361634
361744
361745
409353
409456
409634
409671
512205
512235
512274
512307
512603
512604
512606
512612
512613
512622
512624
512625
512802
512849
512875
512896
512935
713200
713279
713282
713288
713310
713318
713326
713327
713404
713406
713415
713506
713508
713509
713519
713549
713593
713601
713603
713604
713605
713606
713607
713608
713616
713617
713618
713619
713642
713648
713687
713698
713707
713708
713709
713710
713712
713716
713717
713719
713720
713736
713760
713761
713762
713763
713764
713765
713768
713769
713786
713801
713809
713813
713833
713841
713846
713883
713886
713891
713901
713905
713912
713915
713916
713971
713990
817216
817218
817327
817331
817340
817351
817364
817414
817450
817499
817604
817620
817621
817651
817660
817671
817824
817827
817828
817942
817943
817957
817979
817998
830207
830269
830337
830622
830787
832635
832697
903828
903888
903943
915287
915663
936732
940722
956268
956288
956344
956623
956767
956768
972229
972297
972319
972320
972321
972326
972328
972356
972397
972451
972500
972545
972565
972568
972585
972592
972593
972609
972622
972667
972710
972760
972902
972909
972944
979223
979226
979228
979424
979723
979753
979925
435204
435206
435235
801202
801219
801241
801242
801248
801249
801271
801275
801276
801279
801283
801929
801986
434940
540201
571219
703353
703422
703512
703513
703514
703515
703612
703616
703701
703702
757584
757661
757669
757860
206314
206534
206540
206541
206559
206560
206563
206642
206645
206648
206663
206680
206738
206807
206810
206907
206916
206917
206918
206955
206975
206977
206978
206980
206986
206989
206994
206996
253233
253291
253309
253415
253416
253687
253903
360290
360408
360439
360781
360806
360971
425323
425325
425568
425631
262231
262319
262322
262428
262451
414201
414205
414222
414230
414237
414314
414320
414330
414402
414480
414575
414601
414663
414669
414718
414816
414838
414890
414904
414907
414941
414981
608303
608307
608578
608603
608657
608682
920258
920275
920440
920616
920665
920736
920909